1111111111111111111111111111111111
22222222222222222222222222
33333333333333333333333333333
5555555555555555555555
6666666666666666666
77777777777777777
888888888888
9999999999
999999999999999999999999999999999
999999999999999999999
8888888888888888888888888888888
00000000000000000
9090909090909090909090
1111111111111111111111111111111111
22222222222222222222222222
33333333333333333333333333333
5555555555555555555555
6666666666666666666
77777777777777777
888888888888
9999999999
999999999999999999999999999999999
999999999999999999999
8888888888888888888888888888888
00000000000000000
9090909090909090909090
3333333333333333
4666666666666666
7777777777777777777777777
